(100.0,0.0) +=(0,0.00666667) -=(0,0.00333333)
(200.0,0.0) +=(0,0.00333333) -=(0,0.00166667)
(300.0,0.00333333) +=(0,0.00871237) -=(0,0.00766558)
(400.0,0.01) +=(0,0.011345) -=(0,0.010656389)
(500.0,0.012) +=(0,0.0108079) -=(0,0.01028017)
(600.0,0.01) +=(0,0.0090243) -=(0,0.00856521)
(700.0,0.01) +=(0,0.0082819) -=(0,0.00788837)
(800.0,0.00875) +=(0,0.0072552) -=(0,0.00690187)
(900.0,0.00777778) +=(0,0.00645502) -=(0,0.00613469)
(1000.0,0.009) +=(0,0.006494) -=(0,0.00621275)
(1100.0,0.00818182) +=(0,0.00590798) -=(0,0.005648)
(1200.0,0.00833333) +=(0,0.00567887) -=(0,0.00544127)
(1300.0,0.00769231) +=(0,0.00524499) -=(0,0.00502282)
(1400.0,0.00714286) +=(0,0.00487264) -=(0,0.00466413)
(1500.0,0.00866667) +=(0,0.00511843) -=(0,0.00492966)
(1600.0,0.00875) +=(0,0.0049642) -=(0,0.00478751)
(1700.0,0.00882353) +=(0,0.00482267) -=(0,0.0046566)
(1800.0,0.00833333) +=(0,0.00455657) -=(0,0.00439814)
(1900.0,0.00789474) +=(0,0.00431826) -=(0,0.00416688)
(2000.0,0.0075) +=(0,0.0041037) -=(0,0.00395871)
(2100.0,0.00714286) +=(0,0.00390944) -=(0,0.00377036)
(2200.0,0.00681818) +=(0,0.00373272) -=(0,0.00359911)
(2300.0,0.00652174) +=(0,0.00357126) -=(0,0.00344275)
(2400.0,0.00625) +=(0,0.00342322) -=(0,0.0032994)
(2500.0,0.006) +=(0,0.00328696) -=(0,0.00316752)
(2600.0,0.00576923) +=(0,0.00316113) -=(0,0.00304577)
(2700.0,0.00592593) +=(0,0.00313559) -=(0,0.00302485)
(2800.0,0.00607143) +=(0,0.00310916) -=(0,0.00300267)
(2900.0,0.00586207) +=(0,0.00300245) -=(0,0.00289921)
(3000.0,0.00566667) +=(0,0.00290282) -=(0,0.00280265)
(3100.0,0.00612903) +=(0,0.00295677) -=(0,0.00286069)
(3200.0,0.00625) +=(0,0.00293324) -=(0,0.00284038)
(3300.0,0.00666667) +=(0,0.00297264) -=(0,0.00288333)
(3400.0,0.00647059) +=(0,0.00288564) -=(0,0.00279862)
(3500.0,0.00628571) +=(0,0.0028036) -=(0,0.00271875)
(3600.0,0.00638889) +=(0,0.00278271) -=(0,0.00270039)
(3700.0,0.00621622) +=(0,0.00270785) -=(0,0.0026275)
(3800.0,0.00605263) +=(0,0.00263693) -=(0,0.00255842)
(3900.0,0.00589744) +=(0,0.00256961) -=(0,0.0024929)
(4000.0,0.00575) +=(0,0.00250565) -=(0,0.00243064)
(4100.0,0.00609756) +=(0,0.0025412) -=(0,0.00246851)
(4200.0,0.00595238) +=(0,0.00248096) -=(0,0.0024098)
(4300.0,0.00604651) +=(0,0.00246809) -=(0,0.00239871)
(4400.0,0.00590909) +=(0,0.00241225) -=(0,0.00234426)
(4500.0,0.00577778) +=(0,0.00235887) -=(0,0.00229223)
(4600.0,0.00565217) +=(0,0.00230781) -=(0,0.00224245)
(4700.0,0.00553191) +=(0,0.00225891) -=(0,0.00219479)
(4800.0,0.00583333) +=(0,0.00228972) -=(0,0.0022273)
(4900.0,0.00571429) +=(0,0.00224318) -=(0,0.00218191)
(5000.0,0.0058) +=(0,0.00223479) -=(0,0.00217484)
(5100.0,0.00568627) +=(0,0.00219116) -=(0,0.00213224)
(5200.0,0.00576923) +=(0,0.00218349) -=(0,0.0021258)
(5300.0,0.00566038) +=(0,0.00214245) -=(0,0.00208575)
(5400.0,0.00555556) +=(0,0.00210294) -=(0,0.00204717)
(5500.0,0.00563636) +=(0,0.00209676) -=(0,0.00204208)
(5600.0,0.00553571) +=(0,0.00205947) -=(0,0.00200566)
(5700.0,0.00561404) +=(0,0.00205376) -=(0,0.002001)
(5800.0,0.00568966) +=(0,0.0020478) -=(0,0.00199602)
(5900.0,0.00576271) +=(0,0.00204161) -=(0,0.00199076)
(6000.0,0.006) +=(0,0.00206229) -=(0,0.00201253)
(6100.0,0.00590164) +=(0,0.00202863) -=(0,0.00197958)
(6200.0,0.00580645) +=(0,0.00199604) -=(0,0.0019477)
(6300.0,0.00587302) +=(0,0.00198993) -=(0,0.00194243)
(6400.0,0.00578125) +=(0,0.00195897) -=(0,0.00191212)
(6500.0,0.006) +=(0,0.00197731) -=(0,0.00193137)
(6600.0,0.00606061) +=(0,0.00197082) -=(0,0.00192563)
(6700.0,0.0061194) +=(0,0.00196424) -=(0,0.00191977)
(6800.0,0.00617647) +=(0,0.00195758) -=(0,0.00191381)
(6900.0,0.00623188) +=(0,0.00195085) -=(0,0.00190776)
(7000.0,0.00614286) +=(0,0.0019231) -=(0,0.00188056)
(7100.0,0.00619718) +=(0,0.00191681) -=(0,0.00187491)
(7200.0,0.00625) +=(0,0.00191045) -=(0,0.00186918)
(7300.0,0.00643836) +=(0,0.0019235) -=(0,0.00188295)
(7400.0,0.00635135) +=(0,0.00189762) -=(0,0.00185754)
(7500.0,0.0064) +=(0,0.00189115) -=(0,0.00185165)
(7600.0,0.00631579) +=(0,0.00186638) -=(0,0.00182733)
(7700.0,0.00623377) +=(0,0.00184224) -=(0,0.00180364)
(7800.0,0.00628205) +=(0,0.00183655) -=(0,0.00179847)
(7900.0,0.00620253) +=(0,0.0018134) -=(0,0.00177575)
(8000.0,0.00625) +=(0,0.00180803) -=(0,0.00177089)
(8100.0,0.00617284) +=(0,0.0017858) -=(0,0.00174906)
(8200.0,0.00621951) +=(0,0.00178074) -=(0,0.00174447)
(8300.0,0.00614458) +=(0,0.00175937) -=(0,0.00172349)
(8400.0,0.00607143) +=(0,0.00173851) -=(0,0.00170301)
(8500.0,0.006) +=(0,0.00171814) -=(0,0.00168301)
(8600.0,0.00593023) +=(0,0.00169824) -=(0,0.00166347)
(8700.0,0.00586207) +=(0,0.0016788) -=(0,0.00164439)
(8800.0,0.00579545) +=(0,0.0016598) -=(0,0.00162573)
(8900.0,0.0058427) +=(0,0.00165639) -=(0,0.00162274)
(9000.0,0.00588889) +=(0,0.00165292) -=(0,0.00161967)
(9100.0,0.00582418) +=(0,0.00163483) -=(0,0.00160191)
(9200.0,0.00576087) +=(0,0.00161713) -=(0,0.00158452)
(9300.0,0.00569892) +=(0,0.00159981) -=(0,0.00156751)
(9400.0,0.0056383) +=(0,0.00158285) -=(0,0.00155087)
(9500.0,0.00557895) +=(0,0.00156625) -=(0,0.00153457)
(9600.0,0.00552083) +=(0,0.00155) -=(0,0.0015186)
(9700.0,0.00546392) +=(0,0.00153408) -=(0,0.00150298)
(9800.0,0.00540816) +=(0,0.00151849) -=(0,0.00148766)
(9900.0,0.00545455) +=(0,0.00151659) -=(0,0.00148612)
