(0.166666666667,0.313559) +=(0,0.029341) -=(0,0.03091)
(0.333333333333,0.224576) +=(0,0.026638) -=(0,0.027662)
(0.5,0.128178) +=(0,0.021638) -=(0,0.022071)
(0.666666666667,0.0508475) +=(0,0.0145644) -=(0,0.0145231)
(0.833333333333,0.00529661) +=(0,0.00532029) -=(0,0.004999633)
(1.0,0.00423729) +=(0,0.00483688) -=(0,0.0042372899)
(1.16666666667,0.00635593) +=(0,0.00575627) -=(0,0.005442116)
(1.33333333333,0.005) +=(0,0.00192767) -=(0,0.00187519)
(1.5,0.00533333) +=(0,0.00282339) -=(0,0.00272256)
(1.66666666667,0.00502816) +=(0,0.00145578) -=(0,0.00142519)
(1.83333333333,0.00423729) +=(0,0.00483688) -=(0,0.0042372899)
(2.0,0.00423729) +=(0,0.00483688) -=(0,0.0042372899)
(2.16666666667,0.00529661) +=(0,0.00532029) -=(0,0.004999633)
(2.33333333333,0.00423729) +=(0,0.00483688) -=(0,0.0042372899)
(2.5,0.00635593) +=(0,0.00575627) -=(0,0.005442116)
