(1e-14,0.40678) +=(0,0.437575) -=(0,0.373843)
(2e-14,0.443856) +=(0,0.474895) -=(0,0.410448)
(1e-15,0.258475) +=(0,0.286316) -=(0,0.229401)
(2e-15,0.331568) +=(0,0.361289) -=(0,0.300167)
(3e-15,0.366525) +=(0,0.396846) -=(0,0.33431)
(4e-15,0.394068) +=(0,0.424737) -=(0,0.361335)
(5e-15,0.403602) +=(0,0.434368) -=(0,0.370714)
(6e-15,0.42161) +=(0,0.452525) -=(0,0.388463)
(7e-15,0.399364) +=(0,0.430089) -=(0,0.366544)
(8e-15,0.396186) +=(0,0.426879) -=(0,0.363418)
(9e-15,0.397246) +=(0,0.427949) -=(0,0.36446)
(2e-17,4.34783e-05) +=(0,9.33303e-05) -=(0,1.47979e-05)
(3e-17,0.000603379) +=(0,0.00115289) -=(0,8.70331e-05)
(4e-17,0.00271521) +=(0,0.00380423) -=(0,0.00165812)
(5e-17,0.0095339) +=(0,0.0164098) -=(0,0.00295262)
(6e-17,0.0095339) +=(0,0.0164098) -=(0,0.00295262)
(7e-17,0.0127119) +=(0,0.0205255) -=(0,0.00517336)
(8e-17,0.0222458) +=(0,0.0322918) -=(0,0.0124164)
(9e-17,0.032839) +=(0,0.0448131) -=(0,0.0210166)
(1e-16,0.0423729) +=(0,0.0557992) -=(0,0.0290398)
(2e-16,0.105932) +=(0,0.125945) -=(0,0.0856225)
(3e-16,0.153602) +=(0,0.176838) -=(0,0.129777)
(4e-16,0.173729) +=(0,0.198071) -=(0,0.148674)
(5e-16,0.224576) +=(0,0.251214) -=(0,0.196914)
(6e-16,0.252119) +=(0,0.279752) -=(0,0.223292)
(7e-16,0.243644) +=(0,0.270988) -=(0,0.21516)
(8e-16,0.268008) +=(0,0.296148) -=(0,0.238579)
(9e-16,0.260593) +=(0,0.288502) -=(0,0.231439)
